75.5013
51.4619
8.39912
33.7889
0.148486
5.19226
51.9435
0.144347
0
1.35521
0
19.3482
6.04416e-09
0.855469
40.8274
2.98326e-61
4.37229
8.14962e-26
2.53812
0
2.54167
5.49687
0.23735
1.21901
0.594041
0
31.7688
5.66459
0.441286
0
3.77575
9.42681
1.10611e-05
14.061
8.49146e-05
0
0
11.4977
0
34.548
2.20585
4.46866
0
2.33624e-05
9.54789
0.113786
8.93665
34.436
2.06672
0.000191924
75.0233
2.10101
0
2.52412e-07
1.08664
3.50711
0
0.937086
1.3952
0
2.34422e-05
8.13101
0
0
4.66694
0
55.3363
0
1109.98
2.92034
2.58674e-37
0
2.33555e-08
0
2.50897
16.9539
0.453662
1.81757e-07
15.6684
10.0883
0
5.22054
2.32361
34.9861
1.49275e-36
15.1817
19.816
0.180319
44.3459
8.60329
24.9893
6.74327
0
0
9.66373
2.50133
0
4.97282
5.61527e-24
0
52.0029
0
65.8503
0
0
77.4685
6.21463e-18
7.09253
7.91467
0.953426
2.46629
3.31156
0
15.586
2.61848
10.1462
7.74544
5.65108
29.9481
8.6135e-07
64.6236
0
22.0117
13.2671
0
10.5736
4.69312
4.38951
7.50127
4.20929
14.9694
0.240231
0.132089
114.152
0
0.000134816
0
3.05396
0
4.33085e-20
31.6955
33.9771
0
29.5011
1.43532e-05
97.2947
7.08093
95.2502
0
119.775
14.826
0.46796
0
0.140623
1.36467
0
33.8869
2.64776
0.440399
1.69987e-05
0
2.29834
8.28243
0.843723
19.0258
0.140281
2.35768
6.20677
4.5413
1.66101
10.7211
0.207485
2.81997
0.77568
18.8215
0
4.51164
12.6092
33.7062
2.5295e-08
9.15963e-05
9.63264
0.215885
13.6386
10.191
2.53594e-14
0
0
5.07916
0
0
2.01836
0.78163
12.4208
12.172
0
0
3.73566
41.9691
52.6846
0.171775
1.33644
1.64147e-103
0.0602361
6.59782
0
1.8857
6.35875
5.17536e-06
2.14259
0
0.0179733
0
6.45121e-06
26.9882
0
0
6.52924
1.43773
9.47598
19.7112
5.31248
65.0163
0.995096
21.8037
0.102114
5.95988
5.92737e-06
4.39949
2.93174e-11
4.14685
0.000682834
0
0
1.43934e-07
0
67.4883
0
18.3967
29.8623
1.74066
2.91052e-78
0
0
0.000174919
0
50.7796
0
0
0
0.605735
19.9756
0
0
4.25983
17.7871
2.87512
1.44671
0.217068
1.82234
0
0
24.6192
40.6748
0.15483
0.00235136
7.67266
2.31502e-09
2.34933
3.92363
4.57588e-08
0.000165342
198.585
0
3.40846
5.19487
0
0
0.308904
9.45923
0.667779
0
1.67099
5.28642
2.95834
20.9067
0.0555264
0.592896
0
0.306468
0
3.98043e-14
3.10336
3.66214
0
1.33626e-05
109.94
0.0311392
0
99.9751
5.46157
31.134
0
0.178489
11.1163
0.32111
0
0.325308
9.81783e-06
0
0.643406
9.40538e-06
0
44.3654
4.20568
7.76952e-06
0
1.27766
0.508994
57.656
9.569e-24
0
2.96913
0.222442
9.72072
0.104629
162.525
4.07775e-07
13.1573
0
0.0604528
2.15568
11.8123
28.2198
1.3271e-05
4.20534e-27
0
0
0
219.723
0.16761
15.8635
1.78824
1.83359
1.68838
683.903
1.86597
0.0915497
0.00282809
14.8637
0
2.25187
0
13.8008
28.8971
0
0.282804
50.5914
0
0
17.8478
4.63925
1.98791
12.8308
2.20199e-09
0
27.0465
39.0104
0.0473331
47.4476
1.54247
0
9.72208e-05
1.17199e-34
0
0
1.69559e-10
0
0
0.0136915
0
15.1537
6.9673
0.861663
0
0
1.32921
1203.89
10.8923
1.01663
72.9532
0
0.199975
19.5146
1.24835
51.4765
1.97858
0.638843
0.326596
33.809
0.750543
0.000481008
2.32008e-48
3.50884
8.36889
7.76302
0.151882
4.4658e-272
0.633171
25.2842
0.851315
0
5.11018
15.554
0.0587422
10.9875
0.600884
0
6.11
0.0373854
37.7606
1.07367e-141
0
37.9744
6.89224e-46
3.26039
12.7054
189.532
0
64.1983
3.39311
0
6.96069
9.05533e-10
4.92242
0
0.358813
5.30051e-05
63.6945
0
0.057132
0.319406
0
0.970563
0
0
0
6.69708e-06
11.0023
16.5045
12.2223
9.30486
3.70871e-13
21.2552
0.196748
16.3994
87.9166
0.138064
0
0
0.533843
19.6406
0.000141706
5.17603e-180
0
1.53277
1.77817
6.59937
0.835775
18.0064
0.460769
0.678248
1.04075
0
0.939222
0.272679
25.1273
0
0.000502266
0.748606
0
0
0
0
0
2.92285
108.942
41.5544
21.9439
31.4578
0.386363
82.8894
83.7819
0
4.52043
0
11.5365
9.77611
0.951725
3.89298
46.9174
0.760421
0.261798
0
3.85155
23.4621
1.97249
0
38.5709
13.5539
0.76961
0
0.394924
11.8598
0
0.251798
0.71278
0.491017
3713.09
3.58849
3.11557
2.26566
0
6.17937
3.2601
12.6751
8.29994
52.1718
19.5261
0.400607
2.68681
18.3813
51.255
0
31.9063
48.3526
21.8746
8.26246
4.97828
28.5085
8.70114
0
0
0.51134
0.228217
5.8906
0.134234
0.0791919
7.78089
0
36.9252
34.7563
8.38699
7.23224
0.321782
12.9439
1.19999
0
0.0337748
738.479
2.8023e-24
7.96002
1.13527e-09
3.48504
262.546
14.5883
1.48124
22.6076
26.7011
0
0
3.75179
70.7803
0
65.7542
8.57052
0.176701
33.8539
28.1219
33.1797
17.0551
1.22483e-10
8.03411
1.52848
0.237427
33.4464
422.166
20.4327
7.68036
29.5574
43.6389
9.00081e-06
0
0
0
2.66973e-35
4.89487e-05
0.166464
3.16941
7.46986
0.377911
12.72
0
48.8691
3.81062e-35
86.0622
5.65397
17.4677
0
8.18863
4.56385
0
91.9062
0.460022
1.77886
2.6829
0.392418
67.6393
15.0596
3.58958
4.50242
0
0.222791
3.3498
0.36512
34.4756
0
3.80292
0.78193
2.24468
33.03
2.81361
16.0574
67.1897
38.7663
1.34469
6.45894e-140
30.352
44.0788
0
19.0714
20.686
5.92406
12.927
5.11188
33.1668
5.97658
0
0.516081
1.05372
1.29295
0
32.2771
132.353
10.0363
15.2341
0
1.52241e-09
2.34154
0.345052
0
14.289
5.43463e-06
6.01381
141.19
0.0313642
0.000192152
1.20915
0
2.85124
0.000181557
0.359167
15.2777
6.87824
1.76501
0.000134459
0
0.411352
0
1.4637
0
0
0.695419
0.0545962
4.01231e-125
6.10485
0
0.534778
56.16
0
0.0434203
0
0
80.2288
0
13.4021
9.63824
64.605
0.580182
360.633
0.0954842
3.71123
0
0.704984
50.5556
25.7427
0
9.30293
0
6.87638
0
29.9129
7.35289
3.63249e-05
63.667
0
4.34005e-05
0
0.0309998
0
0
15.1184
0
0
1.24849
0
4.68705
0.191336
0.268826
1.9534
4.61805
7.08146e-17
1.57129e-06
0
0
9.62736e-48
9.73267
0.429746
21.2093
26.1455
1172.95
0.239372
0
3.17437
1.61276
10.1047
0
15.1438
0
0
0.272517
0.287541
0.381782
0
0
6.42193
4.48829
64.8576
2.07563
2.88054
9.43162
5.23324
4.6901
0
0
3.21033
8.94752
13.3938
0
35.3465
0
0
2.88664
0
0.518195
36.0041
0.000121156
0.996854
19.1421
0.674329
9.91127e-09
7.60567
45.4741
0.744758
4.59592
0
0.0987263
2.31861
9.12549
0
19.3437
0.341392
0
1.25821
7.1647
0
26.2985
2.30962e-42
0.417864
75.2184
10.6573
0.253239
4.93802e-34
8.15085e-05
0
0
0
3.9973
1.6415e-22
0
1.14781
0.0130782
0
1.41725e-09
2.61072e-06
5.47882
3.55155
18.0801
6.84232
1.02966e-34
0
2.53137
9.781e-10
1.75742
0.246282
2.12531
8.45914
7.27002e-12
1.57174
18.4163
30.3481
0
3.84126
0.304016
1.13259e-06
9.52485
0
9.22635
4.90981
18.5716
10.3478
17.3103
7.17996
2.39371
0.153833
8.2371
6.7144
0
4.49278
16.1564
50.9302
1.42475
128.226
0
5.11917
7.91027
215.338
26.9985
0
0.657
0.478726
9.46834
0.368638
0
4.48967
5.42346
5.41861
28.3057
5.66624e-05
0.697432
68.7786
7.01608e-14
0.0533055
21.3489
4.68323e-05
3.2932e-05
10.8446
9.01814
1.74183
0.26424
27.5536
3.37916e-05
1.46976
0
0.855326
5.3782e-05
0.00642314
0.433718
7.06404e-05
0
0
36.4143
5.89764
0.307549
7.591
0.0744519
34.1022
0.00285303
7.16833
3.05453
6.38732
5.916
1.1247
2.23187
0.507157
0
29.131
18.9768
0.376847
5.15523e-206
1.28524
0
0
2.46603
4.02972
4.43494e-57
34.2272
41.1774
1.88515
2.81867
1.4921
0
0
0.000134242
2.92356e-07
0
0
0.861905
0
85.6866
0
0.206109
0.999645
3.32215
14.3804
2.58399e-05
3.90133e-06
1.26856e-37
5.2139
28.4838
14.0897
0
158.608
0
0
1543.1
0
1.40131e-05
0
0
0
0
116.184
95.8871
0.000745944
0
0
0.000957314
0.561866
0.33239
1.48815
1.22096
0.0332465
0
67.3318
0
0.547019
15.3577
5.41084
1069.38
0
0
9.40548
14.4916
1.05063e-51
35.7173
3.90225
3.68496
0
42.6515
0
0
0
18.2534
27.6934
79.1964
9.57715
23.4444
9.78359e-06
5.40335
0.728087
0
0
9.64936
0.303428
0
79.9873
4.1356